 729  13 
 1 2 3 4 7 10 19 28 55 82 163 244 487
 1 2 3 5 8 11 20 29 56 83 164 245 488
 1 2 3 6 9 12 21 30 57 84 165 246 489
 1 4 5 6 7 13 22 31 58 85 166 247 490
 2 4 5 6 8 14 23 32 59 86 167 248 491
 3 4 5 6 9 15 24 33 60 87 168 249 492
 1 4 7 8 9 16 25 34 61 88 169 250 493
 2 5 7 8 9 17 26 35 62 89 170 251 494
 3 6 7 8 9 18 27 36 63 90 171 252 495
 1 10 11 12 13 16 19 37 64 91 172 253 496
 2 10 11 12 14 17 20 38 65 92 173 254 497
 3 10 11 12 15 18 21 39 66 93 174 255 498
 4 10 13 14 15 16 22 40 67 94 175 256 499
 5 11 13 14 15 17 23 41 68 95 176 257 500
 6 12 13 14 15 18 24 42 69 96 177 258 501
 7 10 13 16 17 18 25 43 70 97 178 259 502
 8 11 14 16 17 18 26 44 71 98 179 260 503
 9 12 15 16 17 18 27 45 72 99 180 261 504
 1 10 19 20 21 22 25 46 73 100 181 262 505
 2 11 19 20 21 23 26 47 74 101 182 263 506
 3 12 19 20 21 24 27 48 75 102 183 264 507
 4 13 19 22 23 24 25 49 76 103 184 265 508
 5 14 20 22 23 24 26 50 77 104 185 266 509
 6 15 21 22 23 24 27 51 78 105 186 267 510
 7 16 19 22 25 26 27 52 79 106 187 268 511
 8 17 20 23 25 26 27 53 80 107 188 269 512
 9 18 21 24 25 26 27 54 81 108 189 270 513
 1 28 29 30 31 34 37 46 55 109 190 271 514
 2 28 29 30 32 35 38 47 56 110 191 272 515
 3 28 29 30 33 36 39 48 57 111 192 273 516
 4 28 31 32 33 34 40 49 58 112 193 274 517
 5 29 31 32 33 35 41 50 59 113 194 275 518
 6 30 31 32 33 36 42 51 60 114 195 276 519
 7 28 31 34 35 36 43 52 61 115 196 277 520
 8 29 32 34 35 36 44 53 62 116 197 278 521
 9 30 33 34 35 36 45 54 63 117 198 279 522
 10 28 37 38 39 40 43 46 64 118 199 280 523
 11 29 37 38 39 41 44 47 65 119 200 281 524
 12 30 37 38 39 42 45 48 66 120 201 282 525
 13 31 37 40 41 42 43 49 67 121 202 283 526
 14 32 38 40 41 42 44 50 68 122 203 284 527
 15 33 39 40 41 42 45 51 69 123 204 285 528
 16 34 37 40 43 44 45 52 70 124 205 286 529
 17 35 38 41 43 44 45 53 71 125 206 287 530
 18 36 39 42 43 44 45 54 72 126 207 288 531
 19 28 37 46 47 48 49 52 73 127 208 289 532
 20 29 38 46 47 48 50 53 74 128 209 290 533
 21 30 39 46 47 48 51 54 75 129 210 291 534
 22 31 40 46 49 50 51 52 76 130 211 292 535
 23 32 41 47 49 50 51 53 77 131 212 293 536
 24 33 42 48 49 50 51 54 78 132 213 294 537
 25 34 43 46 49 52 53 54 79 133 214 295 538
 26 35 44 47 50 52 53 54 80 134 215 296 539
 27 36 45 48 51 52 53 54 81 135 216 297 540
 1 28 55 56 57 58 61 64 73 136 217 298 541
 2 29 55 56 57 59 62 65 74 137 218 299 542
 3 30 55 56 57 60 63 66 75 138 219 300 543
 4 31 55 58 59 60 61 67 76 139 220 301 544
 5 32 56 58 59 60 62 68 77 140 221 302 545
 6 33 57 58 59 60 63 69 78 141 222 303 546
 7 34 55 58 61 62 63 70 79 142 223 304 547
 8 35 56 59 61 62 63 71 80 143 224 305 548
 9 36 57 60 61 62 63 72 81 144 225 306 549
 10 37 55 64 65 66 67 70 73 145 226 307 550
 11 38 56 64 65 66 68 71 74 146 227 308 551
 12 39 57 64 65 66 69 72 75 147 228 309 552
 13 40 58 64 67 68 69 70 76 148 229 310 553
 14 41 59 65 67 68 69 71 77 149 230 311 554
 15 42 60 66 67 68 69 72 78 150 231 312 555
 16 43 61 64 67 70 71 72 79 151 232 313 556
 17 44 62 65 68 70 71 72 80 152 233 314 557
 18 45 63 66 69 70 71 72 81 153 234 315 558
 19 46 55 64 73 74 75 76 79 154 235 316 559
 20 47 56 65 73 74 75 77 80 155 236 317 560
 21 48 57 66 73 74 75 78 81 156 237 318 561
 22 49 58 67 73 76 77 78 79 157 238 319 562
 23 50 59 68 74 76 77 78 80 158 239 320 563
 24 51 60 69 75 76 77 78 81 159 240 321 564
 25 52 61 70 73 76 79 80 81 160 241 322 565
 26 53 62 71 74 77 79 80 81 161 242 323 566
 27 54 63 72 75 78 79 80 81 162 243 324 567
 1 82 83 84 85 88 91 100 109 136 163 325 568
 2 82 83 84 86 89 92 101 110 137 164 326 569
 3 82 83 84 87 90 93 102 111 138 165 327 570
 4 82 85 86 87 88 94 103 112 139 166 328 571
 5 83 85 86 87 89 95 104 113 140 167 329 572
 6 84 85 86 87 90 96 105 114 141 168 330 573
 7 82 85 88 89 90 97 106 115 142 169 331 574
 8 83 86 88 89 90 98 107 116 143 170 332 575
 9 84 87 88 89 90 99 108 117 144 171 333 576
 10 82 91 92 93 94 97 100 118 145 172 334 577
 11 83 91 92 93 95 98 101 119 146 173 335 578
 12 84 91 92 93 96 99 102 120 147 174 336 579
 13 85 91 94 95 96 97 103 121 148 175 337 580
 14 86 92 94 95 96 98 104 122 149 176 338 581
 15 87 93 94 95 96 99 105 123 150 177 339 582
 16 88 91 94 97 98 99 106 124 151 178 340 583
 17 89 92 95 97 98 99 107 125 152 179 341 584
 18 90 93 96 97 98 99 108 126 153 180 342 585
 19 82 91 100 101 102 103 106 127 154 181 343 586
 20 83 92 100 101 102 104 107 128 155 182 344 587
 21 84 93 100 101 102 105 108 129 156 183 345 588
 22 85 94 100 103 104 105 106 130 157 184 346 589
 23 86 95 101 103 104 105 107 131 158 185 347 590
 24 87 96 102 103 104 105 108 132 159 186 348 591
 25 88 97 100 103 106 107 108 133 160 187 349 592
 26 89 98 101 104 106 107 108 134 161 188 350 593
 27 90 99 102 105 106 107 108 135 162 189 351 594
 28 82 109 110 111 112 115 118 127 136 190 352 595
 29 83 109 110 111 113 116 119 128 137 191 353 596
 30 84 109 110 111 114 117 120 129 138 192 354 597
 31 85 109 112 113 114 115 121 130 139 193 355 598
 32 86 110 112 113 114 116 122 131 140 194 356 599
 33 87 111 112 113 114 117 123 132 141 195 357 600
 34 88 109 112 115 116 117 124 133 142 196 358 601
 35 89 110 113 115 116 117 125 134 143 197 359 602
 36 90 111 114 115 116 117 126 135 144 198 360 603
 37 91 109 118 119 120 121 124 127 145 199 361 604
 38 92 110 118 119 120 122 125 128 146 200 362 605
 39 93 111 118 119 120 123 126 129 147 201 363 606
 40 94 112 118 121 122 123 124 130 148 202 364 607
 41 95 113 119 121 122 123 125 131 149 203 365 608
 42 96 114 120 121 122 123 126 132 150 204 366 609
 43 97 115 118 121 124 125 126 133 151 205 367 610
 44 98 116 119 122 124 125 126 134 152 206 368 611
 45 99 117 120 123 124 125 126 135 153 207 369 612
 46 100 109 118 127 128 129 130 133 154 208 370 613
 47 101 110 119 127 128 129 131 134 155 209 371 614
 48 102 111 120 127 128 129 132 135 156 210 372 615
 49 103 112 121 127 130 131 132 133 157 211 373 616
 50 104 113 122 128 130 131 132 134 158 212 374 617
 51 105 114 123 129 130 131 132 135 159 213 375 618
 52 106 115 124 127 130 133 134 135 160 214 376 619
 53 107 116 125 128 131 133 134 135 161 215 377 620
 54 108 117 126 129 132 133 134 135 162 216 378 621
 55 82 109 136 137 138 139 142 145 154 217 379 622
 56 83 110 136 137 138 140 143 146 155 218 380 623
 57 84 111 136 137 138 141 144 147 156 219 381 624
 58 85 112 136 139 140 141 142 148 157 220 382 625
 59 86 113 137 139 140 141 143 149 158 221 383 626
 60 87 114 138 139 140 141 144 150 159 222 384 627
 61 88 115 136 139 142 143 144 151 160 223 385 628
 62 89 116 137 140 142 143 144 152 161 224 386 629
 63 90 117 138 141 142 143 144 153 162 225 387 630
 64 91 118 136 145 146 147 148 151 154 226 388 631
 65 92 119 137 145 146 147 149 152 155 227 389 632
 66 93 120 138 145 146 147 150 153 156 228 390 633
 67 94 121 139 145 148 149 150 151 157 229 391 634
 68 95 122 140 146 148 149 150 152 158 230 392 635
 69 96 123 141 147 148 149 150 153 159 231 393 636
 70 97 124 142 145 148 151 152 153 160 232 394 637
 71 98 125 143 146 149 151 152 153 161 233 395 638
 72 99 126 144 147 150 151 152 153 162 234 396 639
 73 100 127 136 145 154 155 156 157 160 235 397 640
 74 101 128 137 146 154 155 156 158 161 236 398 641
 75 102 129 138 147 154 155 156 159 162 237 399 642
 76 103 130 139 148 154 157 158 159 160 238 400 643
 77 104 131 140 149 155 157 158 159 161 239 401 644
 78 105 132 141 150 156 157 158 159 162 240 402 645
 79 106 133 142 151 154 157 160 161 162 241 403 646
 80 107 134 143 152 155 158 160 161 162 242 404 647
 81 108 135 144 153 156 159 160 161 162 243 405 648
 1 82 163 164 165 166 169 172 181 190 217 406 649
 2 83 163 164 165 167 170 173 182 191 218 407 650
 3 84 163 164 165 168 171 174 183 192 219 408 651
 4 85 163 166 167 168 169 175 184 193 220 409 652
 5 86 164 166 167 168 170 176 185 194 221 410 653
 6 87 165 166 167 168 171 177 186 195 222 411 654
 7 88 163 166 169 170 171 178 187 196 223 412 655
 8 89 164 167 169 170 171 179 188 197 224 413 656
 9 90 165 168 169 170 171 180 189 198 225 414 657
 10 91 163 172 173 174 175 178 181 199 226 415 658
 11 92 164 172 173 174 176 179 182 200 227 416 659
 12 93 165 172 173 174 177 180 183 201 228 417 660
 13 94 166 172 175 176 177 178 184 202 229 418 661
 14 95 167 173 175 176 177 179 185 203 230 419 662
 15 96 168 174 175 176 177 180 186 204 231 420 663
 16 97 169 172 175 178 179 180 187 205 232 421 664
 17 98 170 173 176 178 179 180 188 206 233 422 665
 18 99 171 174 177 178 179 180 189 207 234 423 666
 19 100 163 172 181 182 183 184 187 208 235 424 667
 20 101 164 173 181 182 183 185 188 209 236 425 668
 21 102 165 174 181 182 183 186 189 210 237 426 669
 22 103 166 175 181 184 185 186 187 211 238 427 670
 23 104 167 176 182 184 185 186 188 212 239 428 671
 24 105 168 177 183 184 185 186 189 213 240 429 672
 25 106 169 178 181 184 187 188 189 214 241 430 673
 26 107 170 179 182 185 187 188 189 215 242 431 674
 27 108 171 180 183 186 187 188 189 216 243 432 675
 28 109 163 190 191 192 193 196 199 208 217 433 676
 29 110 164 190 191 192 194 197 200 209 218 434 677
 30 111 165 190 191 192 195 198 201 210 219 435 678
 31 112 166 190 193 194 195 196 202 211 220 436 679
 32 113 167 191 193 194 195 197 203 212 221 437 680
 33 114 168 192 193 194 195 198 204 213 222 438 681
 34 115 169 190 193 196 197 198 205 214 223 439 682
 35 116 170 191 194 196 197 198 206 215 224 440 683
 36 117 171 192 195 196 197 198 207 216 225 441 684
 37 118 172 190 199 200 201 202 205 208 226 442 685
 38 119 173 191 199 200 201 203 206 209 227 443 686
 39 120 174 192 199 200 201 204 207 210 228 444 687
 40 121 175 193 199 202 203 204 205 211 229 445 688
 41 122 176 194 200 202 203 204 206 212 230 446 689
 42 123 177 195 201 202 203 204 207 213 231 447 690
 43 124 178 196 199 202 205 206 207 214 232 448 691
 44 125 179 197 200 203 205 206 207 215 233 449 692
 45 126 180 198 201 204 205 206 207 216 234 450 693
 46 127 181 190 199 208 209 210 211 214 235 451 694
 47 128 182 191 200 208 209 210 212 215 236 452 695
 48 129 183 192 201 208 209 210 213 216 237 453 696
 49 130 184 193 202 208 211 212 213 214 238 454 697
 50 131 185 194 203 209 211 212 213 215 239 455 698
 51 132 186 195 204 210 211 212 213 216 240 456 699
 52 133 187 196 205 208 211 214 215 216 241 457 700
 53 134 188 197 206 209 212 214 215 216 242 458 701
 54 135 189 198 207 210 213 214 215 216 243 459 702
 55 136 163 190 217 218 219 220 223 226 235 460 703
 56 137 164 191 217 218 219 221 224 227 236 461 704
 57 138 165 192 217 218 219 222 225 228 237 462 705
 58 139 166 193 217 220 221 222 223 229 238 463 706
 59 140 167 194 218 220 221 222 224 230 239 464 707
 60 141 168 195 219 220 221 222 225 231 240 465 708
 61 142 169 196 217 220 223 224 225 232 241 466 709
 62 143 170 197 218 221 223 224 225 233 242 467 710
 63 144 171 198 219 222 223 224 225 234 243 468 711
 64 145 172 199 217 226 227 228 229 232 235 469 712
 65 146 173 200 218 226 227 228 230 233 236 470 713
 66 147 174 201 219 226 227 228 231 234 237 471 714
 67 148 175 202 220 226 229 230 231 232 238 472 715
 68 149 176 203 221 227 229 230 231 233 239 473 716
 69 150 177 204 222 228 229 230 231 234 240 474 717
 70 151 178 205 223 226 229 232 233 234 241 475 718
 71 152 179 206 224 227 230 232 233 234 242 476 719
 72 153 180 207 225 228 231 232 233 234 243 477 720
 73 154 181 208 217 226 235 236 237 238 241 478 721
 74 155 182 209 218 227 235 236 237 239 242 479 722
 75 156 183 210 219 228 235 236 237 240 243 480 723
 76 157 184 211 220 229 235 238 239 240 241 481 724
 77 158 185 212 221 230 236 238 239 240 242 482 725
 78 159 186 213 222 231 237 238 239 240 243 483 726
 79 160 187 214 223 232 235 238 241 242 243 484 727
 80 161 188 215 224 233 236 239 241 242 243 485 728
 81 162 189 216 225 234 237 240 241 242 243 486 729
 1 244 245 246 247 250 253 262 271 298 325 406 487
 2 244 245 246 248 251 254 263 272 299 326 407 488
 3 244 245 246 249 252 255 264 273 300 327 408 489
 4 244 247 248 249 250 256 265 274 301 328 409 490
 5 245 247 248 249 251 257 266 275 302 329 410 491
 6 246 247 248 249 252 258 267 276 303 330 411 492
 7 244 247 250 251 252 259 268 277 304 331 412 493
 8 245 248 250 251 252 260 269 278 305 332 413 494
 9 246 249 250 251 252 261 270 279 306 333 414 495
 10 244 253 254 255 256 259 262 280 307 334 415 496
 11 245 253 254 255 257 260 263 281 308 335 416 497
 12 246 253 254 255 258 261 264 282 309 336 417 498
 13 247 253 256 257 258 259 265 283 310 337 418 499
 14 248 254 256 257 258 260 266 284 311 338 419 500
 15 249 255 256 257 258 261 267 285 312 339 420 501
 16 250 253 256 259 260 261 268 286 313 340 421 502
 17 251 254 257 259 260 261 269 287 314 341 422 503
 18 252 255 258 259 260 261 270 288 315 342 423 504
 19 244 253 262 263 264 265 268 289 316 343 424 505
 20 245 254 262 263 264 266 269 290 317 344 425 506
 21 246 255 262 263 264 267 270 291 318 345 426 507
 22 247 256 262 265 266 267 268 292 319 346 427 508
 23 248 257 263 265 266 267 269 293 320 347 428 509
 24 249 258 264 265 266 267 270 294 321 348 429 510
 25 250 259 262 265 268 269 270 295 322 349 430 511
 26 251 260 263 266 268 269 270 296 323 350 431 512
 27 252 261 264 267 268 269 270 297 324 351 432 513
 28 244 271 272 273 274 277 280 289 298 352 433 514
 29 245 271 272 273 275 278 281 290 299 353 434 515
 30 246 271 272 273 276 279 282 291 300 354 435 516
 31 247 271 274 275 276 277 283 292 301 355 436 517
 32 248 272 274 275 276 278 284 293 302 356 437 518
 33 249 273 274 275 276 279 285 294 303 357 438 519
 34 250 271 274 277 278 279 286 295 304 358 439 520
 35 251 272 275 277 278 279 287 296 305 359 440 521
 36 252 273 276 277 278 279 288 297 306 360 441 522
 37 253 271 280 281 282 283 286 289 307 361 442 523
 38 254 272 280 281 282 284 287 290 308 362 443 524
 39 255 273 280 281 282 285 288 291 309 363 444 525
 40 256 274 280 283 284 285 286 292 310 364 445 526
 41 257 275 281 283 284 285 287 293 311 365 446 527
 42 258 276 282 283 284 285 288 294 312 366 447 528
 43 259 277 280 283 286 287 288 295 313 367 448 529
 44 260 278 281 284 286 287 288 296 314 368 449 530
 45 261 279 282 285 286 287 288 297 315 369 450 531
 46 262 271 280 289 290 291 292 295 316 370 451 532
 47 263 272 281 289 290 291 293 296 317 371 452 533
 48 264 273 282 289 290 291 294 297 318 372 453 534
 49 265 274 283 289 292 293 294 295 319 373 454 535
 50 266 275 284 290 292 293 294 296 320 374 455 536
 51 267 276 285 291 292 293 294 297 321 375 456 537
 52 268 277 286 289 292 295 296 297 322 376 457 538
 53 269 278 287 290 293 295 296 297 323 377 458 539
 54 270 279 288 291 294 295 296 297 324 378 459 540
 55 244 271 298 299 300 301 304 307 316 379 460 541
 56 245 272 298 299 300 302 305 308 317 380 461 542
 57 246 273 298 299 300 303 306 309 318 381 462 543
 58 247 274 298 301 302 303 304 310 319 382 463 544
 59 248 275 299 301 302 303 305 311 320 383 464 545
 60 249 276 300 301 302 303 306 312 321 384 465 546
 61 250 277 298 301 304 305 306 313 322 385 466 547
 62 251 278 299 302 304 305 306 314 323 386 467 548
 63 252 279 300 303 304 305 306 315 324 387 468 549
 64 253 280 298 307 308 309 310 313 316 388 469 550
 65 254 281 299 307 308 309 311 314 317 389 470 551
 66 255 282 300 307 308 309 312 315 318 390 471 552
 67 256 283 301 307 310 311 312 313 319 391 472 553
 68 257 284 302 308 310 311 312 314 320 392 473 554
 69 258 285 303 309 310 311 312 315 321 393 474 555
 70 259 286 304 307 310 313 314 315 322 394 475 556
 71 260 287 305 308 311 313 314 315 323 395 476 557
 72 261 288 306 309 312 313 314 315 324 396 477 558
 73 262 289 298 307 316 317 318 319 322 397 478 559
 74 263 290 299 308 316 317 318 320 323 398 479 560
 75 264 291 300 309 316 317 318 321 324 399 480 561
 76 265 292 301 310 316 319 320 321 322 400 481 562
 77 266 293 302 311 317 319 320 321 323 401 482 563
 78 267 294 303 312 318 319 320 321 324 402 483 564
 79 268 295 304 313 316 319 322 323 324 403 484 565
 80 269 296 305 314 317 320 322 323 324 404 485 566
 81 270 297 306 315 318 321 322 323 324 405 486 567
 82 244 325 326 327 328 331 334 343 352 379 406 568
 83 245 325 326 327 329 332 335 344 353 380 407 569
 84 246 325 326 327 330 333 336 345 354 381 408 570
 85 247 325 328 329 330 331 337 346 355 382 409 571
 86 248 326 328 329 330 332 338 347 356 383 410 572
 87 249 327 328 329 330 333 339 348 357 384 411 573
 88 250 325 328 331 332 333 340 349 358 385 412 574
 89 251 326 329 331 332 333 341 350 359 386 413 575
 90 252 327 330 331 332 333 342 351 360 387 414 576
 91 253 325 334 335 336 337 340 343 361 388 415 577
 92 254 326 334 335 336 338 341 344 362 389 416 578
 93 255 327 334 335 336 339 342 345 363 390 417 579
 94 256 328 334 337 338 339 340 346 364 391 418 580
 95 257 329 335 337 338 339 341 347 365 392 419 581
 96 258 330 336 337 338 339 342 348 366 393 420 582
 97 259 331 334 337 340 341 342 349 367 394 421 583
 98 260 332 335 338 340 341 342 350 368 395 422 584
 99 261 333 336 339 340 341 342 351 369 396 423 585
 100 262 325 334 343 344 345 346 349 370 397 424 586
 101 263 326 335 343 344 345 347 350 371 398 425 587
 102 264 327 336 343 344 345 348 351 372 399 426 588
 103 265 328 337 343 346 347 348 349 373 400 427 589
 104 266 329 338 344 346 347 348 350 374 401 428 590
 105 267 330 339 345 346 347 348 351 375 402 429 591
 106 268 331 340 343 346 349 350 351 376 403 430 592
 107 269 332 341 344 347 349 350 351 377 404 431 593
 108 270 333 342 345 348 349 350 351 378 405 432 594
 109 271 325 352 353 354 355 358 361 370 379 433 595
 110 272 326 352 353 354 356 359 362 371 380 434 596
 111 273 327 352 353 354 357 360 363 372 381 435 597
 112 274 328 352 355 356 357 358 364 373 382 436 598
 113 275 329 353 355 356 357 359 365 374 383 437 599
 114 276 330 354 355 356 357 360 366 375 384 438 600
 115 277 331 352 355 358 359 360 367 376 385 439 601
 116 278 332 353 356 358 359 360 368 377 386 440 602
 117 279 333 354 357 358 359 360 369 378 387 441 603
 118 280 334 352 361 362 363 364 367 370 388 442 604
 119 281 335 353 361 362 363 365 368 371 389 443 605
 120 282 336 354 361 362 363 366 369 372 390 444 606
 121 283 337 355 361 364 365 366 367 373 391 445 607
 122 284 338 356 362 364 365 366 368 374 392 446 608
 123 285 339 357 363 364 365 366 369 375 393 447 609
 124 286 340 358 361 364 367 368 369 376 394 448 610
 125 287 341 359 362 365 367 368 369 377 395 449 611
 126 288 342 360 363 366 367 368 369 378 396 450 612
 127 289 343 352 361 370 371 372 373 376 397 451 613
 128 290 344 353 362 370 371 372 374 377 398 452 614
 129 291 345 354 363 370 371 372 375 378 399 453 615
 130 292 346 355 364 370 373 374 375 376 400 454 616
 131 293 347 356 365 371 373 374 375 377 401 455 617
 132 294 348 357 366 372 373 374 375 378 402 456 618
 133 295 349 358 367 370 373 376 377 378 403 457 619
 134 296 350 359 368 371 374 376 377 378 404 458 620
 135 297 351 360 369 372 375 376 377 378 405 459 621
 136 298 325 352 379 380 381 382 385 388 397 460 622
 137 299 326 353 379 380 381 383 386 389 398 461 623
 138 300 327 354 379 380 381 384 387 390 399 462 624
 139 301 328 355 379 382 383 384 385 391 400 463 625
 140 302 329 356 380 382 383 384 386 392 401 464 626
 141 303 330 357 381 382 383 384 387 393 402 465 627
 142 304 331 358 379 382 385 386 387 394 403 466 628
 143 305 332 359 380 383 385 386 387 395 404 467 629
 144 306 333 360 381 384 385 386 387 396 405 468 630
 145 307 334 361 379 388 389 390 391 394 397 469 631
 146 308 335 362 380 388 389 390 392 395 398 470 632
 147 309 336 363 381 388 389 390 393 396 399 471 633
 148 310 337 364 382 388 391 392 393 394 400 472 634
 149 311 338 365 383 389 391 392 393 395 401 473 635
 150 312 339 366 384 390 391 392 393 396 402 474 636
 151 313 340 367 385 388 391 394 395 396 403 475 637
 152 314 341 368 386 389 392 394 395 396 404 476 638
 153 315 342 369 387 390 393 394 395 396 405 477 639
 154 316 343 370 379 388 397 398 399 400 403 478 640
 155 317 344 371 380 389 397 398 399 401 404 479 641
 156 318 345 372 381 390 397 398 399 402 405 480 642
 157 319 346 373 382 391 397 400 401 402 403 481 643
 158 320 347 374 383 392 398 400 401 402 404 482 644
 159 321 348 375 384 393 399 400 401 402 405 483 645
 160 322 349 376 385 394 397 400 403 404 405 484 646
 161 323 350 377 386 395 398 401 403 404 405 485 647
 162 324 351 378 387 396 399 402 403 404 405 486 648
 163 244 325 406 407 408 409 412 415 424 433 460 649
 164 245 326 406 407 408 410 413 416 425 434 461 650
 165 246 327 406 407 408 411 414 417 426 435 462 651
 166 247 328 406 409 410 411 412 418 427 436 463 652
 167 248 329 407 409 410 411 413 419 428 437 464 653
 168 249 330 408 409 410 411 414 420 429 438 465 654
 169 250 331 406 409 412 413 414 421 430 439 466 655
 170 251 332 407 410 412 413 414 422 431 440 467 656
 171 252 333 408 411 412 413 414 423 432 441 468 657
 172 253 334 406 415 416 417 418 421 424 442 469 658
 173 254 335 407 415 416 417 419 422 425 443 470 659
 174 255 336 408 415 416 417 420 423 426 444 471 660
 175 256 337 409 415 418 419 420 421 427 445 472 661
 176 257 338 410 416 418 419 420 422 428 446 473 662
 177 258 339 411 417 418 419 420 423 429 447 474 663
 178 259 340 412 415 418 421 422 423 430 448 475 664
 179 260 341 413 416 419 421 422 423 431 449 476 665
 180 261 342 414 417 420 421 422 423 432 450 477 666
 181 262 343 406 415 424 425 426 427 430 451 478 667
 182 263 344 407 416 424 425 426 428 431 452 479 668
 183 264 345 408 417 424 425 426 429 432 453 480 669
 184 265 346 409 418 424 427 428 429 430 454 481 670
 185 266 347 410 419 425 427 428 429 431 455 482 671
 186 267 348 411 420 426 427 428 429 432 456 483 672
 187 268 349 412 421 424 427 430 431 432 457 484 673
 188 269 350 413 422 425 428 430 431 432 458 485 674
 189 270 351 414 423 426 429 430 431 432 459 486 675
 190 271 352 406 433 434 435 436 439 442 451 460 676
 191 272 353 407 433 434 435 437 440 443 452 461 677
 192 273 354 408 433 434 435 438 441 444 453 462 678
 193 274 355 409 433 436 437 438 439 445 454 463 679
 194 275 356 410 434 436 437 438 440 446 455 464 680
 195 276 357 411 435 436 437 438 441 447 456 465 681
 196 277 358 412 433 436 439 440 441 448 457 466 682
 197 278 359 413 434 437 439 440 441 449 458 467 683
 198 279 360 414 435 438 439 440 441 450 459 468 684
 199 280 361 415 433 442 443 444 445 448 451 469 685
 200 281 362 416 434 442 443 444 446 449 452 470 686
 201 282 363 417 435 442 443 444 447 450 453 471 687
 202 283 364 418 436 442 445 446 447 448 454 472 688
 203 284 365 419 437 443 445 446 447 449 455 473 689
 204 285 366 420 438 444 445 446 447 450 456 474 690
 205 286 367 421 439 442 445 448 449 450 457 475 691
 206 287 368 422 440 443 446 448 449 450 458 476 692
 207 288 369 423 441 444 447 448 449 450 459 477 693
 208 289 370 424 433 442 451 452 453 454 457 478 694
 209 290 371 425 434 443 451 452 453 455 458 479 695
 210 291 372 426 435 444 451 452 453 456 459 480 696
 211 292 373 427 436 445 451 454 455 456 457 481 697
 212 293 374 428 437 446 452 454 455 456 458 482 698
 213 294 375 429 438 447 453 454 455 456 459 483 699
 214 295 376 430 439 448 451 454 457 458 459 484 700
 215 296 377 431 440 449 452 455 457 458 459 485 701
 216 297 378 432 441 450 453 456 457 458 459 486 702
 217 298 379 406 433 460 461 462 463 466 469 478 703
 218 299 380 407 434 460 461 462 464 467 470 479 704
 219 300 381 408 435 460 461 462 465 468 471 480 705
 220 301 382 409 436 460 463 464 465 466 472 481 706
 221 302 383 410 437 461 463 464 465 467 473 482 707
 222 303 384 411 438 462 463 464 465 468 474 483 708
 223 304 385 412 439 460 463 466 467 468 475 484 709
 224 305 386 413 440 461 464 466 467 468 476 485 710
 225 306 387 414 441 462 465 466 467 468 477 486 711
 226 307 388 415 442 460 469 470 471 472 475 478 712
 227 308 389 416 443 461 469 470 471 473 476 479 713
 228 309 390 417 444 462 469 470 471 474 477 480 714
 229 310 391 418 445 463 469 472 473 474 475 481 715
 230 311 392 419 446 464 470 472 473 474 476 482 716
 231 312 393 420 447 465 471 472 473 474 477 483 717
 232 313 394 421 448 466 469 472 475 476 477 484 718
 233 314 395 422 449 467 470 473 475 476 477 485 719
 234 315 396 423 450 468 471 474 475 476 477 486 720
 235 316 397 424 451 460 469 478 479 480 481 484 721
 236 317 398 425 452 461 470 478 479 480 482 485 722
 237 318 399 426 453 462 471 478 479 480 483 486 723
 238 319 400 427 454 463 472 478 481 482 483 484 724
 239 320 401 428 455 464 473 479 481 482 483 485 725
 240 321 402 429 456 465 474 480 481 482 483 486 726
 241 322 403 430 457 466 475 478 481 484 485 486 727
 242 323 404 431 458 467 476 479 482 484 485 486 728
 243 324 405 432 459 468 477 480 483 484 485 486 729
 1 244 487 488 489 490 493 496 505 514 541 568 649
 2 245 487 488 489 491 494 497 506 515 542 569 650
 3 246 487 488 489 492 495 498 507 516 543 570 651
 4 247 487 490 491 492 493 499 508 517 544 571 652
 5 248 488 490 491 492 494 500 509 518 545 572 653
 6 249 489 490 491 492 495 501 510 519 546 573 654
 7 250 487 490 493 494 495 502 511 520 547 574 655
 8 251 488 491 493 494 495 503 512 521 548 575 656
 9 252 489 492 493 494 495 504 513 522 549 576 657
 10 253 487 496 497 498 499 502 505 523 550 577 658
 11 254 488 496 497 498 500 503 506 524 551 578 659
 12 255 489 496 497 498 501 504 507 525 552 579 660
 13 256 490 496 499 500 501 502 508 526 553 580 661
 14 257 491 497 499 500 501 503 509 527 554 581 662
 15 258 492 498 499 500 501 504 510 528 555 582 663
 16 259 493 496 499 502 503 504 511 529 556 583 664
 17 260 494 497 500 502 503 504 512 530 557 584 665
 18 261 495 498 501 502 503 504 513 531 558 585 666
 19 262 487 496 505 506 507 508 511 532 559 586 667
 20 263 488 497 505 506 507 509 512 533 560 587 668
 21 264 489 498 505 506 507 510 513 534 561 588 669
 22 265 490 499 505 508 509 510 511 535 562 589 670
 23 266 491 500 506 508 509 510 512 536 563 590 671
 24 267 492 501 507 508 509 510 513 537 564 591 672
 25 268 493 502 505 508 511 512 513 538 565 592 673
 26 269 494 503 506 509 511 512 513 539 566 593 674
 27 270 495 504 507 510 511 512 513 540 567 594 675
 28 271 487 514 515 516 517 520 523 532 541 595 676
 29 272 488 514 515 516 518 521 524 533 542 596 677
 30 273 489 514 515 516 519 522 525 534 543 597 678
 31 274 490 514 517 518 519 520 526 535 544 598 679
 32 275 491 515 517 518 519 521 527 536 545 599 680
 33 276 492 516 517 518 519 522 528 537 546 600 681
 34 277 493 514 517 520 521 522 529 538 547 601 682
 35 278 494 515 518 520 521 522 530 539 548 602 683
 36 279 495 516 519 520 521 522 531 540 549 603 684
 37 280 496 514 523 524 525 526 529 532 550 604 685
 38 281 497 515 523 524 525 527 530 533 551 605 686
 39 282 498 516 523 524 525 528 531 534 552 606 687
 40 283 499 517 523 526 527 528 529 535 553 607 688
 41 284 500 518 524 526 527 528 530 536 554 608 689
 42 285 501 519 525 526 527 528 531 537 555 609 690
 43 286 502 520 523 526 529 530 531 538 556 610 691
 44 287 503 521 524 527 529 530 531 539 557 611 692
 45 288 504 522 525 528 529 530 531 540 558 612 693
 46 289 505 514 523 532 533 534 535 538 559 613 694
 47 290 506 515 524 532 533 534 536 539 560 614 695
 48 291 507 516 525 532 533 534 537 540 561 615 696
 49 292 508 517 526 532 535 536 537 538 562 616 697
 50 293 509 518 527 533 535 536 537 539 563 617 698
 51 294 510 519 528 534 535 536 537 540 564 618 699
 52 295 511 520 529 532 535 538 539 540 565 619 700
 53 296 512 521 530 533 536 538 539 540 566 620 701
 54 297 513 522 531 534 537 538 539 540 567 621 702
 55 298 487 514 541 542 543 544 547 550 559 622 703
 56 299 488 515 541 542 543 545 548 551 560 623 704
 57 300 489 516 541 542 543 546 549 552 561 624 705
 58 301 490 517 541 544 545 546 547 553 562 625 706
 59 302 491 518 542 544 545 546 548 554 563 626 707
 60 303 492 519 543 544 545 546 549 555 564 627 708
 61 304 493 520 541 544 547 548 549 556 565 628 709
 62 305 494 521 542 545 547 548 549 557 566 629 710
 63 306 495 522 543 546 547 548 549 558 567 630 711
 64 307 496 523 541 550 551 552 553 556 559 631 712
 65 308 497 524 542 550 551 552 554 557 560 632 713
 66 309 498 525 543 550 551 552 555 558 561 633 714
 67 310 499 526 544 550 553 554 555 556 562 634 715
 68 311 500 527 545 551 553 554 555 557 563 635 716
 69 312 501 528 546 552 553 554 555 558 564 636 717
 70 313 502 529 547 550 553 556 557 558 565 637 718
 71 314 503 530 548 551 554 556 557 558 566 638 719
 72 315 504 531 549 552 555 556 557 558 567 639 720
 73 316 505 532 541 550 559 560 561 562 565 640 721
 74 317 506 533 542 551 559 560 561 563 566 641 722
 75 318 507 534 543 552 559 560 561 564 567 642 723
 76 319 508 535 544 553 559 562 563 564 565 643 724
 77 320 509 536 545 554 560 562 563 564 566 644 725
 78 321 510 537 546 555 561 562 563 564 567 645 726
 79 322 511 538 547 556 559 562 565 566 567 646 727
 80 323 512 539 548 557 560 563 565 566 567 647 728
 81 324 513 540 549 558 561 564 565 566 567 648 729
 82 325 487 568 569 570 571 574 577 586 595 622 649
 83 326 488 568 569 570 572 575 578 587 596 623 650
 84 327 489 568 569 570 573 576 579 588 597 624 651
 85 328 490 568 571 572 573 574 580 589 598 625 652
 86 329 491 569 571 572 573 575 581 590 599 626 653
 87 330 492 570 571 572 573 576 582 591 600 627 654
 88 331 493 568 571 574 575 576 583 592 601 628 655
 89 332 494 569 572 574 575 576 584 593 602 629 656
 90 333 495 570 573 574 575 576 585 594 603 630 657
 91 334 496 568 577 578 579 580 583 586 604 631 658
 92 335 497 569 577 578 579 581 584 587 605 632 659
 93 336 498 570 577 578 579 582 585 588 606 633 660
 94 337 499 571 577 580 581 582 583 589 607 634 661
 95 338 500 572 578 580 581 582 584 590 608 635 662
 96 339 501 573 579 580 581 582 585 591 609 636 663
 97 340 502 574 577 580 583 584 585 592 610 637 664
 98 341 503 575 578 581 583 584 585 593 611 638 665
 99 342 504 576 579 582 583 584 585 594 612 639 666
 100 343 505 568 577 586 587 588 589 592 613 640 667
 101 344 506 569 578 586 587 588 590 593 614 641 668
 102 345 507 570 579 586 587 588 591 594 615 642 669
 103 346 508 571 580 586 589 590 591 592 616 643 670
 104 347 509 572 581 587 589 590 591 593 617 644 671
 105 348 510 573 582 588 589 590 591 594 618 645 672
 106 349 511 574 583 586 589 592 593 594 619 646 673
 107 350 512 575 584 587 590 592 593 594 620 647 674
 108 351 513 576 585 588 591 592 593 594 621 648 675
 109 352 514 568 595 596 597 598 601 604 613 622 676
 110 353 515 569 595 596 597 599 602 605 614 623 677
 111 354 516 570 595 596 597 600 603 606 615 624 678
 112 355 517 571 595 598 599 600 601 607 616 625 679
 113 356 518 572 596 598 599 600 602 608 617 626 680
 114 357 519 573 597 598 599 600 603 609 618 627 681
 115 358 520 574 595 598 601 602 603 610 619 628 682
 116 359 521 575 596 599 601 602 603 611 620 629 683
 117 360 522 576 597 600 601 602 603 612 621 630 684
 118 361 523 577 595 604 605 606 607 610 613 631 685
 119 362 524 578 596 604 605 606 608 611 614 632 686
 120 363 525 579 597 604 605 606 609 612 615 633 687
 121 364 526 580 598 604 607 608 609 610 616 634 688
 122 365 527 581 599 605 607 608 609 611 617 635 689
 123 366 528 582 600 606 607 608 609 612 618 636 690
 124 367 529 583 601 604 607 610 611 612 619 637 691
 125 368 530 584 602 605 608 610 611 612 620 638 692
 126 369 531 585 603 606 609 610 611 612 621 639 693
 127 370 532 586 595 604 613 614 615 616 619 640 694
 128 371 533 587 596 605 613 614 615 617 620 641 695
 129 372 534 588 597 606 613 614 615 618 621 642 696
 130 373 535 589 598 607 613 616 617 618 619 643 697
 131 374 536 590 599 608 614 616 617 618 620 644 698
 132 375 537 591 600 609 615 616 617 618 621 645 699
 133 376 538 592 601 610 613 616 619 620 621 646 700
 134 377 539 593 602 611 614 617 619 620 621 647 701
 135 378 540 594 603 612 615 618 619 620 621 648 702
 136 379 541 568 595 622 623 624 625 628 631 640 703
 137 380 542 569 596 622 623 624 626 629 632 641 704
 138 381 543 570 597 622 623 624 627 630 633 642 705
 139 382 544 571 598 622 625 626 627 628 634 643 706
 140 383 545 572 599 623 625 626 627 629 635 644 707
 141 384 546 573 600 624 625 626 627 630 636 645 708
 142 385 547 574 601 622 625 628 629 630 637 646 709
 143 386 548 575 602 623 626 628 629 630 638 647 710
 144 387 549 576 603 624 627 628 629 630 639 648 711
 145 388 550 577 604 622 631 632 633 634 637 640 712
 146 389 551 578 605 623 631 632 633 635 638 641 713
 147 390 552 579 606 624 631 632 633 636 639 642 714
 148 391 553 580 607 625 631 634 635 636 637 643 715
 149 392 554 581 608 626 632 634 635 636 638 644 716
 150 393 555 582 609 627 633 634 635 636 639 645 717
 151 394 556 583 610 628 631 634 637 638 639 646 718
 152 395 557 584 611 629 632 635 637 638 639 647 719
 153 396 558 585 612 630 633 636 637 638 639 648 720
 154 397 559 586 613 622 631 640 641 642 643 646 721
 155 398 560 587 614 623 632 640 641 642 644 647 722
 156 399 561 588 615 624 633 640 641 642 645 648 723
 157 400 562 589 616 625 634 640 643 644 645 646 724
 158 401 563 590 617 626 635 641 643 644 645 647 725
 159 402 564 591 618 627 636 642 643 644 645 648 726
 160 403 565 592 619 628 637 640 643 646 647 648 727
 161 404 566 593 620 629 638 641 644 646 647 648 728
 162 405 567 594 621 630 639 642 645 646 647 648 729
 163 406 487 568 649 650 651 652 655 658 667 676 703
 164 407 488 569 649 650 651 653 656 659 668 677 704
 165 408 489 570 649 650 651 654 657 660 669 678 705
 166 409 490 571 649 652 653 654 655 661 670 679 706
 167 410 491 572 650 652 653 654 656 662 671 680 707
 168 411 492 573 651 652 653 654 657 663 672 681 708
 169 412 493 574 649 652 655 656 657 664 673 682 709
 170 413 494 575 650 653 655 656 657 665 674 683 710
 171 414 495 576 651 654 655 656 657 666 675 684 711
 172 415 496 577 649 658 659 660 661 664 667 685 712
 173 416 497 578 650 658 659 660 662 665 668 686 713
 174 417 498 579 651 658 659 660 663 666 669 687 714
 175 418 499 580 652 658 661 662 663 664 670 688 715
 176 419 500 581 653 659 661 662 663 665 671 689 716
 177 420 501 582 654 660 661 662 663 666 672 690 717
 178 421 502 583 655 658 661 664 665 666 673 691 718
 179 422 503 584 656 659 662 664 665 666 674 692 719
 180 423 504 585 657 660 663 664 665 666 675 693 720
 181 424 505 586 649 658 667 668 669 670 673 694 721
 182 425 506 587 650 659 667 668 669 671 674 695 722
 183 426 507 588 651 660 667 668 669 672 675 696 723
 184 427 508 589 652 661 667 670 671 672 673 697 724
 185 428 509 590 653 662 668 670 671 672 674 698 725
 186 429 510 591 654 663 669 670 671 672 675 699 726
 187 430 511 592 655 664 667 670 673 674 675 700 727
 188 431 512 593 656 665 668 671 673 674 675 701 728
 189 432 513 594 657 666 669 672 673 674 675 702 729
 190 433 514 595 649 676 677 678 679 682 685 694 703
 191 434 515 596 650 676 677 678 680 683 686 695 704
 192 435 516 597 651 676 677 678 681 684 687 696 705
 193 436 517 598 652 676 679 680 681 682 688 697 706
 194 437 518 599 653 677 679 680 681 683 689 698 707
 195 438 519 600 654 678 679 680 681 684 690 699 708
 196 439 520 601 655 676 679 682 683 684 691 700 709
 197 440 521 602 656 677 680 682 683 684 692 701 710
 198 441 522 603 657 678 681 682 683 684 693 702 711
 199 442 523 604 658 676 685 686 687 688 691 694 712
 200 443 524 605 659 677 685 686 687 689 692 695 713
 201 444 525 606 660 678 685 686 687 690 693 696 714
 202 445 526 607 661 679 685 688 689 690 691 697 715
 203 446 527 608 662 680 686 688 689 690 692 698 716
 204 447 528 609 663 681 687 688 689 690 693 699 717
 205 448 529 610 664 682 685 688 691 692 693 700 718
 206 449 530 611 665 683 686 689 691 692 693 701 719
 207 450 531 612 666 684 687 690 691 692 693 702 720
 208 451 532 613 667 676 685 694 695 696 697 700 721
 209 452 533 614 668 677 686 694 695 696 698 701 722
 210 453 534 615 669 678 687 694 695 696 699 702 723
 211 454 535 616 670 679 688 694 697 698 699 700 724
 212 455 536 617 671 680 689 695 697 698 699 701 725
 213 456 537 618 672 681 690 696 697 698 699 702 726
 214 457 538 619 673 682 691 694 697 700 701 702 727
 215 458 539 620 674 683 692 695 698 700 701 702 728
 216 459 540 621 675 684 693 696 699 700 701 702 729
 217 460 541 622 649 676 703 704 705 706 709 712 721
 218 461 542 623 650 677 703 704 705 707 710 713 722
 219 462 543 624 651 678 703 704 705 708 711 714 723
 220 463 544 625 652 679 703 706 707 708 709 715 724
 221 464 545 626 653 680 704 706 707 708 710 716 725
 222 465 546 627 654 681 705 706 707 708 711 717 726
 223 466 547 628 655 682 703 706 709 710 711 718 727
 224 467 548 629 656 683 704 707 709 710 711 719 728
 225 468 549 630 657 684 705 708 709 710 711 720 729
 226 469 550 631 658 685 703 712 713 714 715 718 721
 227 470 551 632 659 686 704 712 713 714 716 719 722
 228 471 552 633 660 687 705 712 713 714 717 720 723
 229 472 553 634 661 688 706 712 715 716 717 718 724
 230 473 554 635 662 689 707 713 715 716 717 719 725
 231 474 555 636 663 690 708 714 715 716 717 720 726
 232 475 556 637 664 691 709 712 715 718 719 720 727
 233 476 557 638 665 692 710 713 716 718 719 720 728
 234 477 558 639 666 693 711 714 717 718 719 720 729
 235 478 559 640 667 694 703 712 721 722 723 724 727
 236 479 560 641 668 695 704 713 721 722 723 725 728
 237 480 561 642 669 696 705 714 721 722 723 726 729
 238 481 562 643 670 697 706 715 721 724 725 726 727
 239 482 563 644 671 698 707 716 722 724 725 726 728
 240 483 564 645 672 699 708 717 723 724 725 726 729
 241 484 565 646 673 700 709 718 721 724 727 728 729
 242 485 566 647 674 701 710 719 722 725 727 728 729
 243 486 567 648 675 702 711 720 723 726 727 728 729
